SEED: 15300293, WON: 38, LOST:62, WINRATE: 38.000000 % : 22/05 ~16h
SEED: 16717173, WON: 40, LOST:42, WINRATE: 48.780487 % : 22/05 ~20h
SEED: 7773720, WON: 53, LOST:47, WINRATE: 53.000000 % : 22/05 ~22h